# all F3-admissible weight-12 supports in Z_35; decimal masks
37279939
51145841
74559878
102291682
149119756
156664985
160569001
204583364
271346019
271689101
298239512
313329970
321138002
321406259
340833547
341906575
372552065
409166728
416466561
429146777
437625157
505745605
542692038
543378202
596479024
626659940
642276004
642812518
681667094
683813150
745104130
818333456
832933122
858293554
875250314
1011491210
1085384076
1086756404
1159970979
1160970853
1192958048
1234178733
1253319880
1284552008
1285625036
1363202221
1363334188
1367626300
1394632273
1451561997
1477726389
1490208260
1518698821
1520698569
1611195235
1636666912
1652679249
1665866244
1667467267
1716587108
1750500628
2022982420
2150680263
2170768152
2173512808
2234648165
2250776101
2319941958
2321941706
2385916096
2468357466
2487424015
2506639760
2569104016
2571250072
2691192453
2692256835
2708084229
2726404442
2726668376
2735252600
2759332961
2789264546
2791328929
2903123994
2955452778
2980416520
3037397642
3041397138
3222390470
3229705035
3257474565
3271575323
3273333824
3305358498
3331732488
3334934534
3433174216
3491783499
3501001256
3536192523
3536224515
3636658247
3638689987
3791700763
3814919169
4029202985
4045964840
4301360526
4314550419
4315038421
4341536304
4347025616
4348610643
4469296330
4485054617
4501552202
4639883916
4643883412
4771832192
4798617669
4855599123
4936714932
4974848030
5013279520
5133981089
5138208032
5142500144
5382384906
5384513670
5404989459
5416168458
5438541875
5439045873
5452808884
5453336752
5470505200
5518665922
5578529092
5582657858
5746497793
5806247988
5910905556
5956044173
5960139149
5960833040
6074795284
6082794276
6444780940
6459410070
6462538835
6514949130
6543150646
6546667648
6610716996
6663464976
6669869068
6712110345
6714239109
6745925889
6780262785
6782359811
6846359621
6866348432
6983566998
7002002512
7072385046
7072449030
7273316494
7277379974
7583401526
7629838338
8058405970
8091929680
8602721052
8629100838
8630076842
8657856867
8683072608
8694051232
8697221286
8699340881
8716370993
8880177305
8898479275
8930735147
8938592660
8952825091
8959366189
8969609297
8970109234
9003104404
9148596633
9152628617
9262732705
9266955649
9279767832
9287766824
9404303233
9543664384
9597235338
9668694197
9711198246
9789589009
9873429864
9949696060
10026559040
10078945635
10079969379
10267962178
10268494369
10276416064
10285000288
10301524497
10764769812
10769027340
10809978918
10829776139
10832336916
10877083750
10878091746
10905617768
10906673504
10941010400
11007108141
11037331844
11157058184
11165315716
11341711627
11492995586
11612243977
11612495976
11821811112
11912088346
11920278298
11921666080
12089237541
12090245537
12149590568
12165588552
12889561880
12918820140
12925077670
12927506081
13029898260
13086301292
13093335296
13221433992
13288615017
13293848803
13321374825
13326925953
13326929952
13339738136
13358864483
13424220690
13428478218
13491851778
13560525570
13564719622
13692719242
13732696864
13967133996
13997211797
14001243781
14004005024
14144770092
14144898060
14238623905
14302615841
14546632988
14554759948
15166803052
15259676676
16116811940
16183859360
17198509153
17205442104
17258201676
17260153684
17315542193
17315713734
17340572313
17350285957
17350822471
17366145216
17388102464
17394442572
17398681762
17432741986
17759854673
17760354610
17796958550
17861470294
17877185320
17905650182
17918732378
17939218594
17940218468
17985466801
18006208808
18013602817
18255209315
18297193266
18305257234
18423581191
18525465410
18525997601
18533911298
18559535664
18575533648
18794721701
18808606466
18815656845
18925760933
18947965445
18947981441
18998198307
18999214177
19075719565
19087328768
19194470676
19337144393
19337388394
19354174505
19422396492
19579178018
19607668745
19746859728
19882363913
19899140121
19899392120
20053118080
20157891270
20159938758
20411138601
20535924356
20536988738
20552832128
20570000576
20571049089
20603048994
21508797617
21529539624
21538054680
21619957836
21629108821
21645236757
21656281729
21659552278
21664673832
21754167500
21756183492
21811235536
21813347008
21882020800
22014216282
22074663688
22219342001
22219853873
22314116368
22330631432
22594757253
22683423254
22850724997
22985991172
23224487954
23224991952
23643622224
23824176692
23826793585
23840556596
23843332160
23859301425
24178475082
24180491074
24299181136
24331177104
25779123760
25837640280
25850155340
25855012162
25855280419
26059796520
26172602584
26186670592
26307473841
26391659779
26442867984
26577230034
26587697606
26642749650
26653851906
26653859904
26678968337
26679476272
26717728966
26848441380
26856956436
26983703556
27121051140
27129439244
27385438484
27465393728
27934267992
27994423594
28002487562
28008010048
28289540184
28289796120
28477247810
28605231682
29093265976
29109519896
30107509393
30333606104
30375699073
30519353352
32233623880
32367718720
